[(datetime.datetime(2015, 3, 1, 18, 30, 17, 411063), '28-000006c73e95', 22937), (datetime.datetime(2015, 3, 1, 18, 30, 18, 241031), '28-000006c79f73', 39187), (datetime.datetime(2015, 3, 1, 18, 30, 19, 70941), '28-000006c5aa45', 36375), (datetime.datetime(2015, 3, 1, 18, 30, 19, 901152), '28-000006c7e4b2', 39625), (datetime.datetime(2015, 3, 1, 18, 30, 20, 730886), '28-000006c7bc62', 21062), (datetime.datetime(2015, 3, 1, 18, 30, 21, 561886), '28-000006c7bebe', 38062), (datetime.datetime(2015, 3, 1, 18, 30, 22, 390941), '28-000006c7de29', 40312)]
[(datetime.datetime(2015, 3, 1, 18, 30, 24, 220941), '28-000006c73e95', 22687), (datetime.datetime(2015, 3, 1, 18, 30, 25, 50944), '28-000006c79f73', 39187), (datetime.datetime(2015, 3, 1, 18, 30, 25, 880948), '28-000006c5aa45', 36187), (datetime.datetime(2015, 3, 1, 18, 30, 26, 711019), '28-000006c7e4b2', 39562), (datetime.datetime(2015, 3, 1, 18, 30, 27, 540953), '28-000006c7bc62', 20937), (datetime.datetime(2015, 3, 1, 18, 30, 28, 370914), '28-000006c7bebe', 38062), (datetime.datetime(2015, 3, 1, 18, 30, 29, 200954), '28-000006c7de29', 40312)]
[(datetime.datetime(2015, 3, 1, 18, 30, 31, 30942), '28-000006c73e95', 22562), (datetime.datetime(2015, 3, 1, 18, 30, 31, 860960), '28-000006c79f73', 39187), (datetime.datetime(2015, 3, 1, 18, 30, 32, 690897), '28-000006c5aa45', 35875), (datetime.datetime(2015, 3, 1, 18, 30, 33, 520953), '28-000006c7e4b2', 39562), (datetime.datetime(2015, 3, 1, 18, 30, 34, 350946), '28-000006c7bc62', 20812), (datetime.datetime(2015, 3, 1, 18, 30, 36, 11586), '28-000006c7bebe', 38062), (datetime.datetime(2015, 3, 1, 18, 30, 36, 840891), '28-000006c7de29', 40312)]
[(datetime.datetime(2015, 3, 1, 18, 30, 38, 670931), '28-000006c73e95', 22312), (datetime.datetime(2015, 3, 1, 18, 30, 39, 500925), '28-000006c79f73', 39187), (datetime.datetime(2015, 3, 1, 18, 30, 40, 330931), '28-000006c5aa45', 35437), (datetime.datetime(2015, 3, 1, 18, 30, 41, 160907), '28-000006c7e4b2', 39562), (datetime.datetime(2015, 3, 1, 18, 30, 41, 990943), '28-000006c7bc62', 20687), (datetime.datetime(2015, 3, 1, 18, 30, 42, 820875), '28-000006c7bebe', 38062), (datetime.datetime(2015, 3, 1, 18, 30, 43, 650885), '28-000006c7de29', 40250)]
[(datetime.datetime(2015, 3, 1, 18, 30, 45, 480877), '28-000006c73e95', 22062), (datetime.datetime(2015, 3, 1, 18, 30, 46, 310931), '28-000006c79f73', 39187), (datetime.datetime(2015, 3, 1, 18, 30, 47, 140931), '28-000006c5aa45', 35000), (datetime.datetime(2015, 3, 1, 18, 30, 47, 970941), '28-000006c7e4b2', 39562), (datetime.datetime(2015, 3, 1, 18, 30, 48, 800938), '28-000006c7bc62', 20500), (datetime.datetime(2015, 3, 1, 18, 30, 49, 641864), '28-000006c7bebe', 38062), (datetime.datetime(2015, 3, 1, 18, 30, 50, 470960), '28-000006c7de29', 40250)]
[(datetime.datetime(2015, 3, 1, 18, 30, 52, 311287), '28-000006c73e95', 21812), (datetime.datetime(2015, 3, 1, 18, 30, 53, 140943), '28-000006c79f73', 39187), (datetime.datetime(2015, 3, 1, 18, 30, 53, 970889), '28-000006c5aa45', 34562), (datetime.datetime(2015, 3, 1, 18, 30, 54, 800949), '28-000006c7e4b2', 39562), (datetime.datetime(2015, 3, 1, 18, 30, 55, 631002), '28-000006c7bc62', 20375), (datetime.datetime(2015, 3, 1, 18, 30, 56, 471257), '28-000006c7bebe', 38062), (datetime.datetime(2015, 3, 1, 18, 30, 57, 300901), '28-000006c7de29', 40250)]
[(datetime.datetime(2015, 3, 1, 18, 30, 59, 130964), '28-000006c73e95', 21562), (datetime.datetime(2015, 3, 1, 18, 30, 59, 960945), '28-000006c79f73', 39187), (datetime.datetime(2015, 3, 1, 18, 31, 0, 790871), '28-000006c5aa45', 34187), (datetime.datetime(2015, 3, 1, 18, 31, 1, 620895), '28-000006c7e4b2', 39562), (datetime.datetime(2015, 3, 1, 18, 31, 2, 452548), '28-000006c7bc62', 20250), (datetime.datetime(2015, 3, 1, 18, 31, 3, 280886), '28-000006c7bebe', 38000), (datetime.datetime(2015, 3, 1, 18, 31, 4, 110896), '28-000006c7de29', 40187)]
[(datetime.datetime(2015, 3, 1, 18, 31, 5, 940886), '28-000006c73e95', 21375), (datetime.datetime(2015, 3, 1, 18, 31, 6, 770945), '28-000006c79f73', 39187), (datetime.datetime(2015, 3, 1, 18, 31, 7, 600885), '28-000006c5aa45', 33875), (datetime.datetime(2015, 3, 1, 18, 31, 8, 430880), '28-000006c7e4b2', 39500), (datetime.datetime(2015, 3, 1, 18, 31, 9, 260931), '28-000006c7bc62', 20125), (datetime.datetime(2015, 3, 1, 18, 31, 10, 90969), '28-000006c7bebe', 38000), (datetime.datetime(2015, 3, 1, 18, 31, 10, 921001), '28-000006c7de29', 40187)]
[(datetime.datetime(2015, 3, 1, 18, 31, 12, 761256), '28-000006c73e95', 21250), (datetime.datetime(2015, 3, 1, 18, 31, 13, 590888), '28-000006c79f73', 39187), (datetime.datetime(2015, 3, 1, 18, 31, 14, 420956), '28-000006c5aa45', 33625), (datetime.datetime(2015, 3, 1, 18, 31, 16, 80960), '28-000006c7e4b2', 39500), (datetime.datetime(2015, 3, 1, 18, 31, 16, 910912), '28-000006c7bc62', 20062), (datetime.datetime(2015, 3, 1, 18, 31, 18, 570959), '28-000006c7bebe', 38000), (datetime.datetime(2015, 3, 1, 18, 31, 19, 400898), '28-000006c7de29', 40187)]
[(datetime.datetime(2015, 3, 1, 18, 31, 21, 230888), '28-000006c73e95', 21187), (datetime.datetime(2015, 3, 1, 18, 31, 22, 60962), '28-000006c79f73', 39187), (datetime.datetime(2015, 3, 1, 18, 31, 22, 890919), '28-000006c5aa45', 33312), (datetime.datetime(2015, 3, 1, 18, 31, 23, 721850), '28-000006c7e4b2', 39500), (datetime.datetime(2015, 3, 1, 18, 31, 24, 550903), '28-000006c7bc62', 20000), (datetime.datetime(2015, 3, 1, 18, 31, 25, 380909), '28-000006c7bebe', 37937), (datetime.datetime(2015, 3, 1, 18, 31, 26, 211570), '28-000006c7de29', 40125)]
[(datetime.datetime(2015, 3, 1, 18, 31, 28, 540945), '28-000006c73e95', 21125), (datetime.datetime(2015, 3, 1, 18, 31, 29, 370945), '28-000006c79f73', 39187), (datetime.datetime(2015, 3, 1, 18, 31, 30, 200949), '28-000006c5aa45', 33125), (datetime.datetime(2015, 3, 1, 18, 31, 31, 30961), '28-000006c7e4b2', 39437), (datetime.datetime(2015, 3, 1, 18, 31, 31, 860907), '28-000006c7bc62', 19937), (datetime.datetime(2015, 3, 1, 18, 31, 32, 690884), '28-000006c7bebe', 38000), (datetime.datetime(2015, 3, 1, 18, 31, 33, 521028), '28-000006c7de29', 40125)]
[(datetime.datetime(2015, 3, 1, 18, 31, 35, 350950), '28-000006c73e95', 21062), (datetime.datetime(2015, 3, 1, 18, 31, 36, 180955), '28-000006c79f73', 39187), (datetime.datetime(2015, 3, 1, 18, 31, 37, 12491), '28-000006c5aa45', 32937), (datetime.datetime(2015, 3, 1, 18, 31, 37, 851117), '28-000006c7e4b2', 39437), (datetime.datetime(2015, 3, 1, 18, 31, 38, 691114), '28-000006c7bc62', 19875), (datetime.datetime(2015, 3, 1, 18, 31, 39, 521075), '28-000006c7bebe', 38000), (datetime.datetime(2015, 3, 1, 18, 31, 40, 350906), '28-000006c7de29', 40062)]
[(datetime.datetime(2015, 3, 1, 18, 31, 42, 180995), '28-000006c73e95', 21000), (datetime.datetime(2015, 3, 1, 18, 31, 43, 10893), '28-000006c79f73', 39187), (datetime.datetime(2015, 3, 1, 18, 31, 43, 840969), '28-000006c5aa45', 32750), (datetime.datetime(2015, 3, 1, 18, 31, 44, 670967), '28-000006c7e4b2', 39437), (datetime.datetime(2015, 3, 1, 18, 31, 45, 501025), '28-000006c7bc62', 19812), (datetime.datetime(2015, 3, 1, 18, 31, 46, 351104), '28-000006c7bebe', 37937), (datetime.datetime(2015, 3, 1, 18, 31, 47, 191173), '28-000006c7de29', 40062)]
[(datetime.datetime(2015, 3, 1, 18, 31, 49, 861095), '28-000006c73e95', 21000), (datetime.datetime(2015, 3, 1, 18, 31, 50, 690964), '28-000006c79f73', 39187), (datetime.datetime(2015, 3, 1, 18, 31, 51, 520949), '28-000006c5aa45', 32625), (datetime.datetime(2015, 3, 1, 18, 31, 52, 350968), '28-000006c7e4b2', 39437), (datetime.datetime(2015, 3, 1, 18, 31, 53, 180884), '28-000006c7bc62', 19812), (datetime.datetime(2015, 3, 1, 18, 31, 54, 10941), '28-000006c7bebe', 38000), (datetime.datetime(2015, 3, 1, 18, 31, 54, 840877), '28-000006c7de29', 40062)]
[(datetime.datetime(2015, 3, 1, 18, 31, 56, 670906), '28-000006c73e95', 20937), (datetime.datetime(2015, 3, 1, 18, 31, 57, 500940), '28-000006c79f73', 39187), (datetime.datetime(2015, 3, 1, 18, 31, 58, 330941), '28-000006c5aa45', 32437), (datetime.datetime(2015, 3, 1, 18, 31, 59, 161085), '28-000006c7e4b2', 39437), (datetime.datetime(2015, 3, 1, 18, 31, 59, 990891), '28-000006c7bc62', 19750), (datetime.datetime(2015, 3, 1, 18, 32, 0, 821004), '28-000006c7bebe', 38000), (datetime.datetime(2015, 3, 1, 18, 32, 1, 660885), '28-000006c7de29', 40000)]
[(datetime.datetime(2015, 3, 1, 18, 32, 3, 490946), '28-000006c73e95', 20937), (datetime.datetime(2015, 3, 1, 18, 32, 4, 320956), '28-000006c79f73', 39187), (datetime.datetime(2015, 3, 1, 18, 32, 5, 150876), '28-000006c5aa45', 32375), (datetime.datetime(2015, 3, 1, 18, 32, 5, 980886), '28-000006c7e4b2', 39437), (datetime.datetime(2015, 3, 1, 18, 32, 6, 810901), '28-000006c7bc62', 19750), (datetime.datetime(2015, 3, 1, 18, 32, 7, 650974), '28-000006c7bebe', 38000), (datetime.datetime(2015, 3, 1, 18, 32, 8, 480899), '28-000006c7de29', 40000)]
[(datetime.datetime(2015, 3, 1, 18, 32, 10, 310928), '28-000006c73e95', 20937), (datetime.datetime(2015, 3, 1, 18, 32, 11, 140945), '28-000006c79f73', 39187), (datetime.datetime(2015, 3, 1, 18, 32, 11, 970938), '28-000006c5aa45', 32250), (datetime.datetime(2015, 3, 1, 18, 32, 12, 800925), '28-000006c7e4b2', 39437), (datetime.datetime(2015, 3, 1, 18, 32, 13, 630943), '28-000006c7bc62', 19750), (datetime.datetime(2015, 3, 1, 18, 32, 14, 460904), '28-000006c7bebe', 38000), (datetime.datetime(2015, 3, 1, 18, 32, 15, 290888), '28-000006c7de29', 40000)]
[(datetime.datetime(2015, 3, 1, 18, 32, 17, 120888), '28-000006c73e95', 20937), (datetime.datetime(2015, 3, 1, 18, 32, 17, 950947), '28-000006c79f73', 39187), (datetime.datetime(2015, 3, 1, 18, 32, 18, 780919), '28-000006c5aa45', 32187), (datetime.datetime(2015, 3, 1, 18, 32, 19, 610892), '28-000006c7e4b2', 39375), (datetime.datetime(2015, 3, 1, 18, 32, 20, 440930), '28-000006c7bc62', 19687), (datetime.datetime(2015, 3, 1, 18, 32, 21, 270955), '28-000006c7bebe', 38000), (datetime.datetime(2015, 3, 1, 18, 32, 22, 100959), '28-000006c7de29', 40000)]
[(datetime.datetime(2015, 3, 1, 18, 32, 23, 930896), '28-000006c73e95', 20875), (datetime.datetime(2015, 3, 1, 18, 32, 24, 760866), '28-000006c79f73', 39187), (datetime.datetime(2015, 3, 1, 18, 32, 25, 590878), '28-000006c5aa45', 32125), (datetime.datetime(2015, 3, 1, 18, 32, 26, 420944), '28-000006c7e4b2', 39375), (datetime.datetime(2015, 3, 1, 18, 32, 27, 250947), '28-000006c7bc62', 19687), (datetime.datetime(2015, 3, 1, 18, 32, 28, 80944), '28-000006c7bebe', 38000), (datetime.datetime(2015, 3, 1, 18, 32, 28, 910941), '28-000006c7de29', 39937)]
[(datetime.datetime(2015, 3, 1, 18, 32, 30, 740859), '28-000006c73e95', 20875), (datetime.datetime(2015, 3, 1, 18, 32, 31, 570883), '28-000006c79f73', 39187), (datetime.datetime(2015, 3, 1, 18, 32, 32, 400935), '28-000006c5aa45', 32062), (datetime.datetime(2015, 3, 1, 18, 32, 33, 231067), '28-000006c7e4b2', 39375), (datetime.datetime(2015, 3, 1, 18, 32, 34, 60884), '28-000006c7bc62', 19625), (datetime.datetime(2015, 3, 1, 18, 32, 34, 890899), '28-000006c7bebe', 38062), (datetime.datetime(2015, 3, 1, 18, 32, 35, 720941), '28-000006c7de29', 39937)]
[(datetime.datetime(2015, 3, 1, 18, 32, 37, 550949), '28-000006c73e95', 20875), (datetime.datetime(2015, 3, 1, 18, 32, 38, 380959), '28-000006c79f73', 39187), (datetime.datetime(2015, 3, 1, 18, 32, 39, 210886), '28-000006c5aa45', 32000), (datetime.datetime(2015, 3, 1, 18, 32, 40, 40879), '28-000006c7e4b2', 39375), (datetime.datetime(2015, 3, 1, 18, 32, 40, 870889), '28-000006c7bc62', 19625), (datetime.datetime(2015, 3, 1, 18, 32, 41, 700951), '28-000006c7bebe', 38062), (datetime.datetime(2015, 3, 1, 18, 32, 42, 530878), '28-000006c7de29', 39937)]
[(datetime.datetime(2015, 3, 1, 18, 32, 44, 360888), '28-000006c73e95', 20875), (datetime.datetime(2015, 3, 1, 18, 32, 45, 190878), '28-000006c79f73', 39187), (datetime.datetime(2015, 3, 1, 18, 32, 46, 20978), '28-000006c5aa45', 32000), (datetime.datetime(2015, 3, 1, 18, 32, 46, 851378), '28-000006c7e4b2', 39375), (datetime.datetime(2015, 3, 1, 18, 32, 47, 680951), '28-000006c7bc62', 19625), (datetime.datetime(2015, 3, 1, 18, 32, 48, 510942), '28-000006c7bebe', 38062), (datetime.datetime(2015, 3, 1, 18, 32, 49, 340883), '28-000006c7de29', 39875)]
[(datetime.datetime(2015, 3, 1, 18, 32, 51, 170875), '28-000006c73e95', 20875), (datetime.datetime(2015, 3, 1, 18, 32, 52, 945), '28-000006c79f73', 39187), (datetime.datetime(2015, 3, 1, 18, 32, 52, 830931), '28-000006c5aa45', 31937), (datetime.datetime(2015, 3, 1, 18, 32, 53, 660889), '28-000006c7e4b2', 39375), (datetime.datetime(2015, 3, 1, 18, 32, 54, 490930), '28-000006c7bc62', 19625), (datetime.datetime(2015, 3, 1, 18, 32, 55, 320900), '28-000006c7bebe', 38062), (datetime.datetime(2015, 3, 1, 18, 32, 56, 150935), '28-000006c7de29', 39875)]
[(datetime.datetime(2015, 3, 1, 18, 32, 57, 980939), '28-000006c73e95', 20875), (datetime.datetime(2015, 3, 1, 18, 32, 58, 810928), '28-000006c79f73', 39187), (datetime.datetime(2015, 3, 1, 18, 32, 59, 640937), '28-000006c5aa45', 31875), (datetime.datetime(2015, 3, 1, 18, 33, 0, 471016), '28-000006c7e4b2', 39375), (datetime.datetime(2015, 3, 1, 18, 33, 1, 300876), '28-000006c7bc62', 19625), (datetime.datetime(2015, 3, 1, 18, 33, 2, 130962), '28-000006c7bebe', 38000), (datetime.datetime(2015, 3, 1, 18, 33, 2, 960926), '28-000006c7de29', 39875)]
[(datetime.datetime(2015, 3, 1, 18, 33, 4, 790875), '28-000006c73e95', 20937), (datetime.datetime(2015, 3, 1, 18, 33, 5, 620886), '28-000006c79f73', 39187), (datetime.datetime(2015, 3, 1, 18, 33, 6, 450893), '28-000006c5aa45', 31812), (datetime.datetime(2015, 3, 1, 18, 33, 7, 280948), '28-000006c7e4b2', 39375), (datetime.datetime(2015, 3, 1, 18, 33, 8, 110885), '28-000006c7bc62', 19625), (datetime.datetime(2015, 3, 1, 18, 33, 8, 940950), '28-000006c7bebe', 38000), (datetime.datetime(2015, 3, 1, 18, 33, 9, 770890), '28-000006c7de29', 39875)]
[(datetime.datetime(2015, 3, 1, 18, 33, 11, 600948), '28-000006c73e95', 20875), (datetime.datetime(2015, 3, 1, 18, 33, 12, 430882), '28-000006c79f73', 39187), (datetime.datetime(2015, 3, 1, 18, 33, 13, 261036), '28-000006c5aa45', 31750), (datetime.datetime(2015, 3, 1, 18, 33, 14, 90947), '28-000006c7e4b2', 39375), (datetime.datetime(2015, 3, 1, 18, 33, 14, 921007), '28-000006c7bc62', 19562), (datetime.datetime(2015, 3, 1, 18, 33, 15, 750881), '28-000006c7bebe', 38062), (datetime.datetime(2015, 3, 1, 18, 33, 16, 580877), '28-000006c7de29', 39812)]
[(datetime.datetime(2015, 3, 1, 18, 33, 18, 420896), '28-000006c73e95', 20875), (datetime.datetime(2015, 3, 1, 18, 33, 19, 251016), '28-000006c79f73', 39187), (datetime.datetime(2015, 3, 1, 18, 33, 20, 80933), '28-000006c5aa45', 31750), (datetime.datetime(2015, 3, 1, 18, 33, 20, 910939), '28-000006c7e4b2', 39375), (datetime.datetime(2015, 3, 1, 18, 33, 21, 740940), '28-000006c7bc62', 19562), (datetime.datetime(2015, 3, 1, 18, 33, 22, 570975), '28-000006c7bebe', 38062), (datetime.datetime(2015, 3, 1, 18, 33, 23, 400878), '28-000006c7de29', 39812)]
[(datetime.datetime(2015, 3, 1, 18, 33, 25, 230878), '28-000006c73e95', 20875), (datetime.datetime(2015, 3, 1, 18, 33, 26, 60948), '28-000006c79f73', 39187), (datetime.datetime(2015, 3, 1, 18, 33, 26, 890924), '28-000006c5aa45', 31750), (datetime.datetime(2015, 3, 1, 18, 33, 27, 720888), '28-000006c7e4b2', 39312), (datetime.datetime(2015, 3, 1, 18, 33, 28, 550934), '28-000006c7bc62', 19562), (datetime.datetime(2015, 3, 1, 18, 33, 29, 380908), '28-000006c7bebe', 38000), (datetime.datetime(2015, 3, 1, 18, 33, 30, 210938), '28-000006c7de29', 39812)]
[(datetime.datetime(2015, 3, 1, 18, 33, 32, 40881), '28-000006c73e95', 20937), (datetime.datetime(2015, 3, 1, 18, 33, 32, 870879), '28-000006c79f73', 39187), (datetime.datetime(2015, 3, 1, 18, 33, 33, 700946), '28-000006c5aa45', 31750), (datetime.datetime(2015, 3, 1, 18, 33, 34, 530879), '28-000006c7e4b2', 39312), (datetime.datetime(2015, 3, 1, 18, 33, 35, 360890), '28-000006c7bc62', 19500), (datetime.datetime(2015, 3, 1, 18, 33, 36, 190961), '28-000006c7bebe', 38062), (datetime.datetime(2015, 3, 1, 18, 33, 37, 20953), '28-000006c7de29', 39750)]
[(datetime.datetime(2015, 3, 1, 18, 33, 38, 850871), '28-000006c73e95', 20937), (datetime.datetime(2015, 3, 1, 18, 33, 39, 680879), '28-000006c79f73', 39187), (datetime.datetime(2015, 3, 1, 18, 33, 40, 510889), '28-000006c5aa45', 31687), (datetime.datetime(2015, 3, 1, 18, 33, 41, 340939), '28-000006c7e4b2', 39312), (datetime.datetime(2015, 3, 1, 18, 33, 42, 170887), '28-000006c7bc62', 19500), (datetime.datetime(2015, 3, 1, 18, 33, 43, 955), '28-000006c7bebe', 38062), (datetime.datetime(2015, 3, 1, 18, 33, 43, 830951), '28-000006c7de29', 39750)]
[(datetime.datetime(2015, 3, 1, 18, 33, 45, 660999), '28-000006c73e95', 20875), (datetime.datetime(2015, 3, 1, 18, 33, 46, 490877), '28-000006c79f73', 39125), (datetime.datetime(2015, 3, 1, 18, 33, 47, 320879), '28-000006c5aa45', 31687), (datetime.datetime(2015, 3, 1, 18, 33, 48, 150960), '28-000006c7e4b2', 39312), (datetime.datetime(2015, 3, 1, 18, 33, 48, 980874), '28-000006c7bc62', 19500), (datetime.datetime(2015, 3, 1, 18, 33, 49, 810880), '28-000006c7bebe', 38062), (datetime.datetime(2015, 3, 1, 18, 33, 50, 640911), '28-000006c7de29', 39750)]
[(datetime.datetime(2015, 3, 1, 18, 33, 52, 470949), '28-000006c73e95', 20937), (datetime.datetime(2015, 3, 1, 18, 33, 53, 300890), '28-000006c79f73', 39125), (datetime.datetime(2015, 3, 1, 18, 33, 54, 130948), '28-000006c5aa45', 31625), (datetime.datetime(2015, 3, 1, 18, 33, 54, 960930), '28-000006c7e4b2', 39312), (datetime.datetime(2015, 3, 1, 18, 33, 55, 790879), '28-000006c7bc62', 19500), (datetime.datetime(2015, 3, 1, 18, 33, 56, 620954), '28-000006c7bebe', 38000), (datetime.datetime(2015, 3, 1, 18, 33, 57, 450946), '28-000006c7de29', 39687)]
[(datetime.datetime(2015, 3, 1, 18, 33, 59, 280944), '28-000006c73e95', 20937), (datetime.datetime(2015, 3, 1, 18, 34, 0, 110911), '28-000006c79f73', 39125), (datetime.datetime(2015, 3, 1, 18, 34, 0, 940883), '28-000006c5aa45', 31625), (datetime.datetime(2015, 3, 1, 18, 34, 1, 770872), '28-000006c7e4b2', 39312), (datetime.datetime(2015, 3, 1, 18, 34, 2, 600948), '28-000006c7bc62', 19500), (datetime.datetime(2015, 3, 1, 18, 34, 3, 430952), '28-000006c7bebe', 38000), (datetime.datetime(2015, 3, 1, 18, 34, 4, 261024), '28-000006c7de29', 39687)]
[(datetime.datetime(2015, 3, 1, 18, 34, 6, 90871), '28-000006c73e95', 20937), (datetime.datetime(2015, 3, 1, 18, 34, 6, 920947), '28-000006c79f73', 39125), (datetime.datetime(2015, 3, 1, 18, 34, 7, 750881), '28-000006c5aa45', 31625), (datetime.datetime(2015, 3, 1, 18, 34, 8, 580945), '28-000006c7e4b2', 39312), (datetime.datetime(2015, 3, 1, 18, 34, 9, 410943), '28-000006c7bc62', 19500), (datetime.datetime(2015, 3, 1, 18, 34, 10, 240951), '28-000006c7bebe', 38062), (datetime.datetime(2015, 3, 1, 18, 34, 11, 70925), '28-000006c7de29', 39625)]
[(datetime.datetime(2015, 3, 1, 18, 34, 12, 901088), '28-000006c73e95', 20937), (datetime.datetime(2015, 3, 1, 18, 34, 13, 730943), '28-000006c79f73', 39125), (datetime.datetime(2015, 3, 1, 18, 34, 14, 560910), '28-000006c5aa45', 31625), (datetime.datetime(2015, 3, 1, 18, 34, 15, 390888), '28-000006c7e4b2', 39312), (datetime.datetime(2015, 3, 1, 18, 34, 16, 220885), '28-000006c7bc62', 19437), (datetime.datetime(2015, 3, 1, 18, 34, 17, 50967), '28-000006c7bebe', 38000), (datetime.datetime(2015, 3, 1, 18, 34, 17, 881009), '28-000006c7de29', 39625)]
[(datetime.datetime(2015, 3, 1, 18, 34, 19, 710932), '28-000006c73e95', 20937), (datetime.datetime(2015, 3, 1, 18, 34, 20, 540943), '28-000006c79f73', 39125), (datetime.datetime(2015, 3, 1, 18, 34, 21, 370935), '28-000006c5aa45', 31625), (datetime.datetime(2015, 3, 1, 18, 34, 22, 200943), '28-000006c7e4b2', 39312), (datetime.datetime(2015, 3, 1, 18, 34, 23, 30881), '28-000006c7bc62', 19437), (datetime.datetime(2015, 3, 1, 18, 34, 23, 860968), '28-000006c7bebe', 38062), (datetime.datetime(2015, 3, 1, 18, 34, 24, 690948), '28-000006c7de29', 39625)]
[(datetime.datetime(2015, 3, 1, 18, 34, 26, 520933), '28-000006c73e95', 20937), (datetime.datetime(2015, 3, 1, 18, 34, 27, 350945), '28-000006c79f73', 39125), (datetime.datetime(2015, 3, 1, 18, 34, 28, 180937), '28-000006c5aa45', 31562), (datetime.datetime(2015, 3, 1, 18, 34, 29, 10941), '28-000006c7e4b2', 39375), (datetime.datetime(2015, 3, 1, 18, 34, 29, 845961), '28-000006c7bc62', 19437), (datetime.datetime(2015, 3, 1, 18, 34, 30, 670950), '28-000006c7bebe', 38062), (datetime.datetime(2015, 3, 1, 18, 34, 31, 500943), '28-000006c7de29', 39625)]
[(datetime.datetime(2015, 3, 1, 18, 34, 33, 331010), '28-000006c73e95', 20937), (datetime.datetime(2015, 3, 1, 18, 34, 34, 160868), '28-000006c79f73', 39125), (datetime.datetime(2015, 3, 1, 18, 34, 34, 990944), '28-000006c5aa45', 31562), (datetime.datetime(2015, 3, 1, 18, 34, 35, 821146), '28-000006c7e4b2', 39312), (datetime.datetime(2015, 3, 1, 18, 34, 36, 650886), '28-000006c7bc62', 19437), (datetime.datetime(2015, 3, 1, 18, 34, 37, 480903), '28-000006c7bebe', 38000), (datetime.datetime(2015, 3, 1, 18, 34, 38, 310876), '28-000006c7de29', 39562)]
[(datetime.datetime(2015, 3, 1, 18, 34, 40, 140932), '28-000006c73e95', 20937), (datetime.datetime(2015, 3, 1, 18, 34, 40, 970878), '28-000006c79f73', 39125), (datetime.datetime(2015, 3, 1, 18, 34, 41, 800934), '28-000006c5aa45', 31562), (datetime.datetime(2015, 3, 1, 18, 34, 42, 630942), '28-000006c7e4b2', 39312), (datetime.datetime(2015, 3, 1, 18, 34, 43, 460941), '28-000006c7bc62', 19437), (datetime.datetime(2015, 3, 1, 18, 34, 44, 290919), '28-000006c7bebe', 38062), (datetime.datetime(2015, 3, 1, 18, 34, 45, 120874), '28-000006c7de29', 39562)]
[(datetime.datetime(2015, 3, 1, 18, 34, 46, 950940), '28-000006c73e95', 20937), (datetime.datetime(2015, 3, 1, 18, 34, 47, 781008), '28-000006c79f73', 39125), (datetime.datetime(2015, 3, 1, 18, 34, 48, 610933), '28-000006c5aa45', 31562), (datetime.datetime(2015, 3, 1, 18, 34, 49, 440889), '28-000006c7e4b2', 39312), (datetime.datetime(2015, 3, 1, 18, 34, 50, 270948), '28-000006c7bc62', 19437), (datetime.datetime(2015, 3, 1, 18, 34, 51, 100897), '28-000006c7bebe', 38000), (datetime.datetime(2015, 3, 1, 18, 34, 51, 930887), '28-000006c7de29', 39562)]
[(datetime.datetime(2015, 3, 1, 18, 34, 53, 760887), '28-000006c73e95', 21000), (datetime.datetime(2015, 3, 1, 18, 34, 54, 590946), '28-000006c79f73', 39125), (datetime.datetime(2015, 3, 1, 18, 34, 55, 420953), '28-000006c5aa45', 31562), (datetime.datetime(2015, 3, 1, 18, 34, 56, 251089), '28-000006c7e4b2', 39312), (datetime.datetime(2015, 3, 1, 18, 34, 57, 80943), '28-000006c7bc62', 19437), (datetime.datetime(2015, 3, 1, 18, 34, 57, 910982), '28-000006c7bebe', 38000), (datetime.datetime(2015, 3, 1, 18, 34, 58, 740953), '28-000006c7de29', 39562)]
[(datetime.datetime(2015, 3, 1, 18, 35, 0, 570952), '28-000006c73e95', 21000), (datetime.datetime(2015, 3, 1, 18, 35, 1, 400960), '28-000006c79f73', 39125), (datetime.datetime(2015, 3, 1, 18, 35, 2, 230939), '28-000006c5aa45', 31562), (datetime.datetime(2015, 3, 1, 18, 35, 3, 60939), '28-000006c7e4b2', 39312), (datetime.datetime(2015, 3, 1, 18, 35, 3, 890915), '28-000006c7bc62', 19375), (datetime.datetime(2015, 3, 1, 18, 35, 4, 720898), '28-000006c7bebe', 38062), (datetime.datetime(2015, 3, 1, 18, 35, 5, 550886), '28-000006c7de29', 39500)]
[(datetime.datetime(2015, 3, 1, 18, 35, 7, 380904), '28-000006c73e95', 21000), (datetime.datetime(2015, 3, 1, 18, 35, 8, 211019), '28-000006c79f73', 39125), (datetime.datetime(2015, 3, 1, 18, 35, 9, 42396), '28-000006c5aa45', 31562), (datetime.datetime(2015, 3, 1, 18, 35, 9, 870955), '28-000006c7e4b2', 39312), (datetime.datetime(2015, 3, 1, 18, 35, 10, 700950), '28-000006c7bc62', 19375), (datetime.datetime(2015, 3, 1, 18, 35, 11, 530952), '28-000006c7bebe', 38062), (datetime.datetime(2015, 3, 1, 18, 35, 12, 360901), '28-000006c7de29', 39500)]
[(datetime.datetime(2015, 3, 1, 18, 35, 14, 190932), '28-000006c73e95', 21000), (datetime.datetime(2015, 3, 1, 18, 35, 15, 20887), '28-000006c79f73', 39125), (datetime.datetime(2015, 3, 1, 18, 35, 15, 850883), '28-000006c5aa45', 31500), (datetime.datetime(2015, 3, 1, 18, 35, 16, 680967), '28-000006c7e4b2', 39312), (datetime.datetime(2015, 3, 1, 18, 35, 17, 510964), '28-000006c7bc62', 19375), (datetime.datetime(2015, 3, 1, 18, 35, 18, 340893), '28-000006c7bebe', 38062), (datetime.datetime(2015, 3, 1, 18, 35, 19, 170885), '28-000006c7de29', 39437)]
[(datetime.datetime(2015, 3, 1, 18, 35, 21, 947), '28-000006c73e95', 21000), (datetime.datetime(2015, 3, 1, 18, 35, 21, 830945), '28-000006c79f73', 39125), (datetime.datetime(2015, 3, 1, 18, 35, 22, 660893), '28-000006c5aa45', 31562), (datetime.datetime(2015, 3, 1, 18, 35, 23, 490956), '28-000006c7e4b2', 39312), (datetime.datetime(2015, 3, 1, 18, 35, 24, 331934), '28-000006c7bc62', 19375), (datetime.datetime(2015, 3, 1, 18, 35, 25, 160917), '28-000006c7bebe', 38000), (datetime.datetime(2015, 3, 1, 18, 35, 25, 990964), '28-000006c7de29', 39437)]
[(datetime.datetime(2015, 3, 1, 18, 35, 27, 820957), '28-000006c73e95', 21000), (datetime.datetime(2015, 3, 1, 18, 35, 28, 661408), '28-000006c79f73', 39125), (datetime.datetime(2015, 3, 1, 18, 35, 29, 490901), '28-000006c5aa45', 31500), (datetime.datetime(2015, 3, 1, 18, 35, 30, 321054), '28-000006c7e4b2', 39312), (datetime.datetime(2015, 3, 1, 18, 35, 31, 150956), '28-000006c7bc62', 19375), (datetime.datetime(2015, 3, 1, 18, 35, 31, 980975), '28-000006c7bebe', 38000), (datetime.datetime(2015, 3, 1, 18, 35, 32, 810985), '28-000006c7de29', 39437)]
[(datetime.datetime(2015, 3, 1, 18, 35, 34, 640890), '28-000006c73e95', 21000), (datetime.datetime(2015, 3, 1, 18, 35, 35, 470941), '28-000006c79f73', 39125), (datetime.datetime(2015, 3, 1, 18, 35, 36, 300959), '28-000006c5aa45', 31500), (datetime.datetime(2015, 3, 1, 18, 35, 37, 130879), '28-000006c7e4b2', 39312), (datetime.datetime(2015, 3, 1, 18, 35, 37, 960950), '28-000006c7bc62', 19375), (datetime.datetime(2015, 3, 1, 18, 35, 38, 790891), '28-000006c7bebe', 38000), (datetime.datetime(2015, 3, 1, 18, 35, 39, 620891), '28-000006c7de29', 39437)]
[(datetime.datetime(2015, 3, 1, 18, 35, 41, 450883), '28-000006c73e95', 21000), (datetime.datetime(2015, 3, 1, 18, 35, 42, 280880), '28-000006c79f73', 39125), (datetime.datetime(2015, 3, 1, 18, 35, 43, 110964), '28-000006c5aa45', 31500), (datetime.datetime(2015, 3, 1, 18, 35, 43, 940974), '28-000006c7e4b2', 39312), (datetime.datetime(2015, 3, 1, 18, 35, 44, 770884), '28-000006c7bc62', 19375), (datetime.datetime(2015, 3, 1, 18, 35, 45, 600887), '28-000006c7bebe', 38000), (datetime.datetime(2015, 3, 1, 18, 35, 46, 430940), '28-000006c7de29', 39375)]
[(datetime.datetime(2015, 3, 1, 18, 35, 48, 260938), '28-000006c73e95', 21000), (datetime.datetime(2015, 3, 1, 18, 35, 49, 90882), '28-000006c79f73', 39125), (datetime.datetime(2015, 3, 1, 18, 35, 49, 920952), '28-000006c5aa45', 31437), (datetime.datetime(2015, 3, 1, 18, 35, 50, 750942), '28-000006c7e4b2', 39312), (datetime.datetime(2015, 3, 1, 18, 35, 51, 581015), '28-000006c7bc62', 19375), (datetime.datetime(2015, 3, 1, 18, 35, 52, 411922), '28-000006c7bebe', 38000), (datetime.datetime(2015, 3, 1, 18, 35, 53, 240926), '28-000006c7de29', 39375)]
[(datetime.datetime(2015, 3, 1, 18, 35, 55, 70881), '28-000006c73e95', 21000), (datetime.datetime(2015, 3, 1, 18, 35, 55, 901084), '28-000006c79f73', 39125), (datetime.datetime(2015, 3, 1, 18, 35, 56, 730930), '28-000006c5aa45', 31437), (datetime.datetime(2015, 3, 1, 18, 35, 57, 560960), '28-000006c7e4b2', 39312), (datetime.datetime(2015, 3, 1, 18, 35, 58, 390907), '28-000006c7bc62', 19375), (datetime.datetime(2015, 3, 1, 18, 35, 59, 231391), '28-000006c7bebe', 38000), (datetime.datetime(2015, 3, 1, 18, 36, 0, 60906), '28-000006c7de29', 39312)]
[(datetime.datetime(2015, 3, 1, 18, 36, 1, 890935), '28-000006c73e95', 21062), (datetime.datetime(2015, 3, 1, 18, 36, 2, 720949), '28-000006c79f73', 39125), (datetime.datetime(2015, 3, 1, 18, 36, 3, 550954), '28-000006c5aa45', 31437), (datetime.datetime(2015, 3, 1, 18, 36, 4, 380900), '28-000006c7e4b2', 39250), (datetime.datetime(2015, 3, 1, 18, 36, 5, 210902), '28-000006c7bc62', 19375), (datetime.datetime(2015, 3, 1, 18, 36, 6, 40957), '28-000006c7bebe', 38000), (datetime.datetime(2015, 3, 1, 18, 36, 6, 870892), '28-000006c7de29', 39312)]
[(datetime.datetime(2015, 3, 1, 18, 36, 8, 700942), '28-000006c73e95', 21062), (datetime.datetime(2015, 3, 1, 18, 36, 9, 530900), '28-000006c79f73', 39125), (datetime.datetime(2015, 3, 1, 18, 36, 10, 360906), '28-000006c5aa45', 31437), (datetime.datetime(2015, 3, 1, 18, 36, 11, 190946), '28-000006c7e4b2', 39312), (datetime.datetime(2015, 3, 1, 18, 36, 12, 20941), '28-000006c7bc62', 19375), (datetime.datetime(2015, 3, 1, 18, 36, 13, 680979), '28-000006c7bebe', 38000), (datetime.datetime(2015, 3, 1, 18, 36, 14, 510885), '28-000006c7de29', 39312)]
[(datetime.datetime(2015, 3, 1, 18, 36, 16, 340884), '28-000006c73e95', 21062), (datetime.datetime(2015, 3, 1, 18, 36, 17, 170943), '28-000006c79f73', 39125), (datetime.datetime(2015, 3, 1, 18, 36, 18, 926), '28-000006c5aa45', 31437), (datetime.datetime(2015, 3, 1, 18, 36, 18, 830965), '28-000006c7e4b2', 39250), (datetime.datetime(2015, 3, 1, 18, 36, 19, 660908), '28-000006c7bc62', 19375), (datetime.datetime(2015, 3, 1, 18, 36, 20, 490888), '28-000006c7bebe', 38000), (datetime.datetime(2015, 3, 1, 18, 36, 21, 320970), '28-000006c7de29', 39250)]
[(datetime.datetime(2015, 3, 1, 18, 36, 23, 150930), '28-000006c73e95', 21062), (datetime.datetime(2015, 3, 1, 18, 36, 23, 980894), '28-000006c79f73', 39125), (datetime.datetime(2015, 3, 1, 18, 36, 24, 810925), '28-000006c5aa45', 31437), (datetime.datetime(2015, 3, 1, 18, 36, 25, 640947), '28-000006c7e4b2', 39312), (datetime.datetime(2015, 3, 1, 18, 36, 26, 470860), '28-000006c7bc62', 19375), (datetime.datetime(2015, 3, 1, 18, 36, 27, 300899), '28-000006c7bebe', 38000), (datetime.datetime(2015, 3, 1, 18, 36, 28, 130940), '28-000006c7de29', 39250)]
[(datetime.datetime(2015, 3, 1, 18, 36, 29, 960880), '28-000006c73e95', 21062), (datetime.datetime(2015, 3, 1, 18, 36, 30, 790932), '28-000006c79f73', 39125), (datetime.datetime(2015, 3, 1, 18, 36, 31, 620935), '28-000006c5aa45', 31437), (datetime.datetime(2015, 3, 1, 18, 36, 32, 450923), '28-000006c7e4b2', 39312), (datetime.datetime(2015, 3, 1, 18, 36, 33, 280879), '28-000006c7bc62', 19375), (datetime.datetime(2015, 3, 1, 18, 36, 34, 110965), '28-000006c7bebe', 38000), (datetime.datetime(2015, 3, 1, 18, 36, 34, 940953), '28-000006c7de29', 39250)]
[(datetime.datetime(2015, 3, 1, 18, 36, 36, 770871), '28-000006c73e95', 21125), (datetime.datetime(2015, 3, 1, 18, 36, 37, 600886), '28-000006c79f73', 39125), (datetime.datetime(2015, 3, 1, 18, 36, 38, 430857), '28-000006c5aa45', 31437), (datetime.datetime(2015, 3, 1, 18, 36, 39, 260946), '28-000006c7e4b2', 39250), (datetime.datetime(2015, 3, 1, 18, 36, 40, 90874), '28-000006c7bc62', 19375), (datetime.datetime(2015, 3, 1, 18, 36, 40, 920905), '28-000006c7bebe', 38000), (datetime.datetime(2015, 3, 1, 18, 36, 41, 750879), '28-000006c7de29', 39187)]
[(datetime.datetime(2015, 3, 1, 18, 36, 43, 581023), '28-000006c73e95', 21125), (datetime.datetime(2015, 3, 1, 18, 36, 44, 410865), '28-000006c79f73', 39125), (datetime.datetime(2015, 3, 1, 18, 36, 45, 240943), '28-000006c5aa45', 31375), (datetime.datetime(2015, 3, 1, 18, 36, 46, 70940), '28-000006c7e4b2', 39250), (datetime.datetime(2015, 3, 1, 18, 36, 46, 901114), '28-000006c7bc62', 19312), (datetime.datetime(2015, 3, 1, 18, 36, 47, 730959), '28-000006c7bebe', 38000), (datetime.datetime(2015, 3, 1, 18, 36, 48, 560960), '28-000006c7de29', 39187)]
[(datetime.datetime(2015, 3, 1, 18, 36, 50, 390955), '28-000006c73e95', 21125), (datetime.datetime(2015, 3, 1, 18, 36, 51, 220966), '28-000006c79f73', 39125), (datetime.datetime(2015, 3, 1, 18, 36, 52, 50934), '28-000006c5aa45', 31437), (datetime.datetime(2015, 3, 1, 18, 36, 52, 880883), '28-000006c7e4b2', 39250), (datetime.datetime(2015, 3, 1, 18, 36, 53, 710897), '28-000006c7bc62', 19312), (datetime.datetime(2015, 3, 1, 18, 36, 54, 540903), '28-000006c7bebe', 37937), (datetime.datetime(2015, 3, 1, 18, 36, 55, 370945), '28-000006c7de29', 39187)]
[(datetime.datetime(2015, 3, 1, 18, 36, 57, 200941), '28-000006c73e95', 21125), (datetime.datetime(2015, 3, 1, 18, 36, 58, 30896), '28-000006c79f73', 39125), (datetime.datetime(2015, 3, 1, 18, 36, 58, 860959), '28-000006c5aa45', 31375), (datetime.datetime(2015, 3, 1, 18, 36, 59, 690946), '28-000006c7e4b2', 39312), (datetime.datetime(2015, 3, 1, 18, 37, 0, 531210), '28-000006c7bc62', 19312), (datetime.datetime(2015, 3, 1, 18, 37, 1, 360905), '28-000006c7bebe', 37937), (datetime.datetime(2015, 3, 1, 18, 37, 2, 190966), '28-000006c7de29', 39125)]
